#,Name,Start
M1,,00:00:00:00
M2,,00:00:07:02
M3,,00:00:13:26
M4,,00:00:20:18
M5,,00:00:27:17
M6,,00:00:34:18
M7,,00:00:41:17
M8,,00:00:48:15
M9,,00:00:55:14
M10,,00:01:02:12
M11,,00:01:09:12
M12,,00:01:16:10
M13,,00:01:26:21
M14,,00:01:33:25
M15,,00:01:40:23
M16,,00:01:47:20
M17,,00:01:54:23
M18,,00:02:05:06
M19,,00:02:12:03
M20,,00:02:19:02
M21,,00:02:25:29
M22,,00:02:32:27
